318388001 482369635 482431995 482877691 489329347 492203407 492608316 495517959 497276018 504802377 739141625 739936569 741397093 747097832 749289037 752723642 791816498 794169238 794320144 1110812548 1111456038 1113123707 1113391287 1113774111 1125112048 1128278290 1135732880 1136977542 1290388706 1505418911
482369635 482431995 482877691 489329347 492203407 492608316 495517959 497276018 504802377 739141625 739936569 741397093 747097832 749289037 752723642 791816498 794169238 794320144 1110812548 1111456038 1113123707 1113391287 1113774111 1125112048 1128278290 1135732880 1136977542 1290388706 1505418911
482431995 482877691 489329347 492203407 492608316 495517959 497276018 504802377 739141625 739936569 741397093 747097832 749289037 752723642 791816498 794169238 794320144 1110812548 1111456038 1113123707 1113391287 1113774111 1125112048 1128278290 1135732880 1136977542 1290388706 1505418911
482877691 489329347 492203407 492608316 495517959 497276018 504802377 739141625 739936569 741397093 747097832 749289037 752723642 791816498 794169238 794320144 1110812548 1111456038 1113123707 1113391287 1113774111 1125112048 1128278290 1135732880 1136977542 1290388706 1505418911
489329347 492203407 492608316 495517959 497276018 504802377 739141625 739936569 741397093 747097832 749289037 752723642 791816498 794169238 794320144 1110812548 1111456038 1113123707 1113391287 1113774111 1125112048 1128278290 1135732880 1136977542 1290388706 1505418911
492203407 492608316 495517959 497276018 504802377 739141625 739936569 741397093 747097832 749289037 752723642 791816498 794169238 794320144 1110812548 1111456038 1113123707 1113391287 1113774111 1125112048 1128278290 1135732880 1136977542 1290388706 1505418911
492608316 495517959 497276018 504802377 739141625 739936569 741397093 747097832 749289037 752723642 791816498 794169238 794320144 1110812548 1111456038 1113123707 1113391287 1113774111 1125112048 1128278290 1135732880 1136977542 1290388706 1505418911
495517959 497276018 504802377 739141625 739936569 741397093 747097832 749289037 752723642 791816498 794169238 794320144 1110812548 1111456038 1113123707 1113391287 1113774111 1125112048 1128278290 1135732880 1136977542 1290388706 1505418911
497276018 504802377 739141625 739936569 741397093 747097832 749289037 752723642 791816498 794169238 794320144 1110812548 1111456038 1113123707 1113391287 1113774111 1125112048 1128278290 1135732880 1136977542 1290388706 1505418911
504802377 739141625 739936569 741397093 747097832 749289037 752723642 791816498 794169238 794320144 1110812548 1111456038 1113123707 1113391287 1113774111 1125112048 1128278290 1135732880 1136977542 1290388706 1505418911
739141625 739936569 741397093 747097832 749289037 752723642 791816498 794169238 794320144 1110812548 1111456038 1113123707 1113391287 1113774111 1125112048 1128278290 1135732880 1136977542 1290388706 1505418911
739936569 741397093 747097832 749289037 752723642 791816498 794169238 794320144 1110812548 1111456038 1113123707 1113391287 1113774111 1125112048 1128278290 1135732880 1136977542 1290388706 1505418911
741397093 747097832 749289037 752723642 791816498 794169238 794320144 1110812548 1111456038 1113123707 1113391287 1113774111 1125112048 1128278290 1135732880 1136977542 1290388706 1505418911
747097832 749289037 752723642 791816498 794169238 794320144 1110812548 1111456038 1113123707 1113391287 1113774111 1125112048 1128278290 1135732880 1136977542 1290388706 1505418911
749289037 752723642 791816498 794169238 794320144 1110812548 1111456038 1113123707 1113391287 1113774111 1125112048 1128278290 1135732880 1136977542 1290388706 1505418911
752723642 791816498 794169238 794320144 1110812548 1111456038 1113123707 1113391287 1113774111 1125112048 1128278290 1135732880 1136977542 1290388706 1505418911
791816498 794169238 794320144 1110812548 1111456038 1113123707 1113391287 1113774111 1125112048 1128278290 1135732880 1136977542 1290388706 1505418911
794169238 794320144 1110812548 1111456038 1113123707 1113391287 1113774111 1125112048 1128278290 1135732880 1136977542 1290388706 1505418911
794320144 1110812548 1111456038 1113123707 1113391287 1113774111 1125112048 1128278290 1135732880 1136977542 1290388706 1505418911
1110812548 1111456038 1113123707 1113391287 1113774111 1125112048 1128278290 1135732880 1136977542 1290388706 1505418911
1111456038 1113123707 1113391287 1113774111 1125112048 1128278290 1135732880 1136977542 1290388706 1505418911
1113123707 1113391287 1113774111 1125112048 1128278290 1135732880 1136977542 1290388706 1505418911
1113391287 1113774111 1125112048 1128278290 1135732880 1136977542 1290388706 1505418911
1113774111 1125112048 1128278290 1135732880 1136977542 1290388706 1505418911
1125112048 1128278290 1135732880 1136977542 1290388706 1505418911
1128278290 1135732880 1136977542 1290388706 1505418911
1135732880 1136977542 1290388706 1505418911
1136977542 1290388706 1505418911
1290388706 1505418911
